#LEN_TT_CORR 5050
#TIME TIME CORRELATIONS
#BRANCHINGR 0.010000
#TIME_MAX 500.000000
#ITERATIONS 1000000
#time	0	5	10	15	20	25	30	35	40	45	50	55	60	65	70	75	80	85	90	95	100	105	110	115	120	125	130	135	140	145	150	155	160	165	170	175	180	185	190	195	200	205	210	215	220	225	230	235	240	245	250	255	260	265	270	275	280	285	290	295	300	305	310	315	320	325	330	335	340	345	350	355	360	365	370	375	380	385	390	395	400	405	410	415	420	425	430	435	440	445	450	455	460	465	470	475	480	485	490	495
0	0.000000	0.000000	0.000000	0.000000	0.000000	0.000000	0.000000	0.000000	0.000000	0.000000	0.000000	0.000000	0.000000	0.000000	0.000000	0.000000	0.000000	0.000000	0.000000	0.000000	0.000000	0.000000	0.000000	0.000000	0.000000	0.000000	0.000000	0.000000	0.000000	0.000000	0.000000	0.000000	0.000000	0.000000	0.000000	0.000000	0.000000	0.000000	0.000000	0.000000	0.000000	0.000000	0.000000	0.000000	0.000000	0.000000	0.000000	0.000000	0.000000	0.000000	0.000000	0.000000	0.000000	0.000000	0.000000	0.000000	0.000000	0.000000	0.000000	0.000000	0.000000	0.000000	0.000000	0.000000	0.000000	0.000000	0.000000	0.000000	0.000000	0.000000	0.000000	0.000000	0.000000	0.000000	0.000000	0.000000	0.000000	0.000000	0.000000	0.000000	0.000000	0.000000	0.000000	0.000000	0.000000	0.000000	0.000000	0.000000	0.000000	0.000000	0.000000	0.000000	0.000000	0.000000	0.000000	0.000000	0.000000	0.000000	0.000000	0.000000	
5	0.000000	9.164103	8.749842	8.341518	7.925432	7.560387	7.208966	6.855760	6.487744	6.118200	5.852017	5.590404	5.326429	5.046198	4.789412	4.606976	4.369455	4.160523	3.960068	3.759940	3.577843	3.433232	3.240003	3.122872	2.948016	2.779099	2.619979	2.498202	2.389563	2.266784	2.130000	2.054715	1.938301	1.844044	1.786499	1.711135	1.618310	1.546753	1.451487	1.372499	1.306652	1.252843	1.178629	1.125289	1.050834	1.005339	0.939338	0.918719	0.879875	0.842297	0.797379	0.764581	0.712306	0.703910	0.669978	0.616781	0.587296	0.547642	0.532030	0.508669	0.474953	0.449230	0.427303	0.398879	0.379300	0.368258	0.346862	0.327172	0.289814	0.284103	0.271337	0.267805	0.256549	0.253797	0.244293	0.224191	0.222264	0.198781	0.187288	0.166877	0.151638	0.143579	0.149961	0.142717	0.132605	0.126328	0.114974	0.112150	0.109437	0.108710	0.098123	0.090621	0.093332	0.086051	0.083675	0.077599	0.072041	0.065015	0.066316	0.062206	
10	0.000000	8.749842	17.095923	16.300708	15.449463	14.732024	14.044355	13.395923	12.688253	11.977107	11.453592	10.953451	10.446906	9.886266	9.412689	9.121530	8.682951	8.281572	7.897191	7.480735	7.061512	6.692547	6.319757	6.073571	5.772304	5.412018	5.146446	4.917040	4.708039	4.471755	4.230079	4.025361	3.803476	3.631003	3.536047	3.375977	3.220275	3.065767	2.857443	2.691780	2.578273	2.461552	2.336702	2.240407	2.112245	2.020701	1.897744	1.844526	1.754431	1.676590	1.574691	1.488119	1.374160	1.336092	1.274024	1.187785	1.148711	1.059299	1.036321	0.986895	0.922189	0.883071	0.831050	0.803193	0.775445	0.753904	0.717327	0.692048	0.619818	0.584277	0.557727	0.554466	0.534416	0.489930	0.466081	0.434262	0.415290	0.384576	0.363011	0.329629	0.305148	0.290555	0.301173	0.291118	0.278758	0.264825	0.245812	0.238612	0.237386	0.236735	0.212777	0.189707	0.190185	0.175066	0.159667	0.142923	0.134802	0.124650	0.119665	0.109680	
15	0.000000	8.341518	16.300708	24.017740	22.750252	21.754215	20.700136	19.776010	18.779077	17.690713	16.911017	16.202841	15.397523	14.622903	13.994729	13.537439	12.903883	12.323225	11.742801	11.170691	10.544241	10.004172	9.496098	9.096833	8.612696	8.073230	7.686402	7.382818	7.089302	6.727374	6.422451	6.126742	5.859853	5.597679	5.401880	5.152038	4.909117	4.693051	4.360977	4.092637	3.926390	3.735723	3.585736	3.435845	3.229759	3.090703	2.909733	2.797710	2.679178	2.536257	2.371505	2.214406	2.032916	1.978713	1.882637	1.761001	1.721779	1.593726	1.550984	1.487366	1.394193	1.330857	1.268608	1.228743	1.182547	1.142397	1.075778	1.039467	0.932369	0.888273	0.827573	0.826402	0.781890	0.737069	0.700330	0.660630	0.624391	0.594078	0.556849	0.503544	0.458105	0.430019	0.437935	0.417091	0.406421	0.390512	0.372609	0.363182	0.345964	0.350989	0.315392	0.286530	0.283136	0.265409	0.238589	0.212772	0.210731	0.197921	0.193636	0.176967	
20	0.000000	7.925432	15.449463	22.750252	29.414942	27.998529	26.688614	25.558182	24.259059	22.764960	21.820249	20.864054	19.808761	18.809399	17.963876	17.314410	16.462946	15.703073	14.950118	14.254010	13.464606	12.767766	12.098372	11.606051	10.983646	10.306238	9.857045	9.456175	9.092644	8.594107	8.204544	7.821641	7.419649	7.091139	6.784685	6.429011	6.149757	5.846762	5.448386	5.135460	4.926182	4.690441	4.522717	4.353197	4.099103	3.906813	3.698519	3.558927	3.392276	3.219752	3.002271	2.803252	2.588899	2.529842	2.411575	2.252469	2.213493	2.040796	1.990333	1.915480	1.800794	1.727065	1.624291	1.572873	1.504414	1.451008	1.370258	1.318329	1.178592	1.128498	1.055053	1.053022	0.974722	0.929731	0.874338	0.821501	0.781081	0.744416	0.692555	0.632366	0.577887	0.554868	0.560372	0.533125	0.515119	0.487290	0.472114	0.463214	0.438237	0.434271	0.384114	0.354838	0.350490	0.321361	0.286955	0.256654	0.254280	0.240342	0.243776	0.215458	
25	0.000000	7.560387	14.732024	21.754215	27.998529	34.113702	32.432042	31.023873	29.342622	27.516381	26.245312	25.021913	23.747569	22.608316	21.582422	20.791551	19.785664	18.899427	17.963331	17.091539	16.135365	15.339374	14.633163	14.022589	13.346369	12.542390	11.960279	11.534424	11.078420	10.532193	10.027374	9.509750	9.093952	8.750273	8.387797	7.923180	7.585548	7.188804	6.757892	6.405311	6.158105	5.884731	5.634144	5.387196	5.076390	4.840351	4.581002	4.429692	4.249228	3.998462	3.745399	3.487127	3.242623	3.167195	3.038462	2.861799	2.789524	2.592205	2.509975	2.379836	2.258043	2.186134	2.042454	1.962828	1.845890	1.776511	1.669696	1.587441	1.448956	1.386849	1.299524	1.316400	1.204232	1.148774	1.082919	1.024101	0.987151	0.947016	0.900136	0.837955	0.797597	0.753108	0.751872	0.723535	0.700401	0.643787	0.625218	0.609227	0.577526	0.559933	0.488323	0.447452	0.426306	0.393296	0.349702	0.309028	0.298902	0.289242	0.311672	0.277432	
30	0.000000	7.208966	14.044355	20.700136	26.688614	32.432042	37.910913	36.351320	34.404076	32.341275	30.869235	29.472671	27.985134	26.643930	25.403638	24.516431	23.300387	22.308588	21.216860	20.119354	19.035442	18.075778	17.222793	16.509751	15.650849	14.741505	14.082376	13.579594	12.991878	12.329216	11.703298	11.142627	10.707281	10.255426	9.851718	9.310369	8.976623	8.492266	7.972112	7.555635	7.246675	6.842160	6.516932	6.241849	5.873892	5.595789	5.299119	5.094710	4.920177	4.635310	4.321411	4.043760	3.748604	3.656536	3.478914	3.286858	3.214508	3.002984	2.902822	2.746191	2.588591	2.509827	2.363358	2.247668	2.137803	2.049259	1.914198	1.833365	1.666311	1.594177	1.496424	1.496777	1.374316	1.307702	1.222511	1.151241	1.088079	1.042325	0.981516	0.901737	0.853402	0.811690	0.813794	0.796068	0.753544	0.690292	0.652795	0.621680	0.597743	0.587422	0.524915	0.479847	0.462376	0.418718	0.376326	0.331908	0.321366	0.309315	0.328574	0.292659	
35	0.000000	6.855760	13.395923	19.776010	25.558182	31.023873	36.351320	41.762005	39.528003	37.181326	35.479218	33.904878	32.124969	30.549926	29.047782	28.103637	26.733442	25.545516	24.397703	23.078036	21.864331	20.778711	19.738304	18.932953	17.921550	16.873497	16.137002	15.499063	14.825858	14.106000	13.322965	12.691578	12.211334	11.672318	11.177609	10.598345	10.207040	9.650314	9.063424	8.555205	8.162131	7.694880	7.304256	6.999906	6.636817	6.355883	6.034413	5.824898	5.669126	5.335728	5.000004	4.674441	4.358817	4.266671	4.067338	3.858116	3.802660	3.545243	3.439318	3.261716	3.061843	2.938590	2.755559	2.622021	2.477459	2.391275	2.256209	2.145743	1.937649	1.862765	1.749316	1.728542	1.576955	1.519768	1.393060	1.307492	1.236123	1.180108	1.111513	1.003964	0.950584	0.898195	0.906613	0.887347	0.841210	0.773304	0.732481	0.699951	0.670371	0.659685	0.597685	0.547065	0.528894	0.471265	0.420358	0.371338	0.358167	0.338090	0.351532	0.311710	
40	0.000000	6.487744	12.688253	18.779077	24.259059	29.342622	34.404076	39.528003	43.765390	41.058158	39.079882	37.425276	35.525012	33.846608	32.194882	31.110482	29.623312	28.282002	26.953819	25.589986	24.243581	23.041653	21.927412	20.941519	19.817730	18.676157	17.822240	17.105019	16.369647	15.618344	14.715892	14.069359	13.519641	12.915967	12.318372	11.661491	11.191463	10.571820	9.944270	9.402426	8.920217	8.422784	7.973578	7.628588	7.232695	6.961741	6.618371	6.433302	6.297112	5.917589	5.532369	5.215012	4.843987	4.747483	4.547535	4.313974	4.264363	4.000831	3.873560	3.655174	3.399371	3.295788	3.108639	2.959536	2.779372	2.667312	2.494169	2.379904	2.145651	2.061466	1.932159	1.881885	1.725175	1.653786	1.490404	1.378264	1.323349	1.264511	1.190332	1.070494	1.002372	0.950044	0.965567	0.955924	0.905674	0.843193	0.799057	0.761992	0.732129	0.727160	0.651700	0.596381	0.586704	0.521405	0.468331	0.414462	0.395272	0.376028	0.403244	0.358505	
45	0.000000	6.118200	11.977107	17.690713	22.764960	27.516381	32.341275	37.181326	41.058158	44.499932	42.364742	40.457627	38.375119	36.627234	34.742479	33.528502	31.923399	30.450794	29.063849	27.543077	26.111830	24.852558	23.664548	22.618161	21.437439	20.219498	19.337257	18.555659	17.762494	16.935719	15.934047	15.213567	14.618898	13.981325	13.420342	12.723806	12.170633	11.504583	10.839757	10.257697	9.740735	9.227082	8.742516	8.327213	7.863142	7.552323	7.212145	6.996830	6.834774	6.443365	6.044640	5.645052	5.226418	5.122684	4.917654	4.688396	4.629418	4.322439	4.177964	3.979840	3.708683	3.574348	3.359958	3.172879	2.974119	2.852906	2.654267	2.545723	2.298349	2.241003	2.077997	2.013922	1.818377	1.736074	1.561590	1.436884	1.374392	1.348854	1.276906	1.147829	1.071836	1.002704	1.020078	0.994030	0.950302	0.889002	0.840926	0.807781	0.770184	0.768209	0.685339	0.635899	0.629673	0.572804	0.504663	0.444548	0.423742	0.404787	0.431776	0.384073	
50	0.000000	5.852017	11.453592	16.911017	21.820249	26.245312	30.869235	35.479218	39.079882	42.364742	46.518419	44.451856	42.036547	40.156131	38.165771	36.809828	35.054084	33.444229	31.873565	30.267575	28.723189	27.256911	25.829889	24.756883	23.460996	22.129330	21.148653	20.323653	19.445864	18.620611	17.514366	16.700584	16.042861	15.329157	14.721974	13.957809	13.318473	12.646032	11.928164	11.308281	10.696179	10.159987	9.610312	9.138237	8.631689	8.232340	7.845712	7.570141	7.361415	6.964667	6.515771	6.089976	5.614804	5.530263	5.277202	5.047206	4.949545	4.649616	4.507792	4.300120	3.982650	3.824774	3.571750	3.376528	3.155975	3.032746	2.853375	2.730870	2.493638	2.416204	2.232563	2.145541	1.934444	1.849251	1.680990	1.571114	1.492666	1.454370	1.371456	1.237614	1.154952	1.092331	1.109228	1.072742	1.018931	0.935160	0.881677	0.843046	0.814438	0.820143	0.726893	0.688649	0.685174	0.635946	0.573654	0.517406	0.492727	0.463144	0.483687	0.434827	
55	0.000000	5.590404	10.953451	16.202841	20.864054	25.021913	29.472671	33.904878	37.425276	40.457627	44.451856	48.108538	45.427971	43.384539	41.245647	39.751717	37.871490	36.067109	34.299639	32.609388	30.947272	29.307923	27.752614	26.580181	25.152359	23.744798	22.667692	21.691788	20.740194	19.811233	18.586275	17.688749	17.003434	16.276929	15.615404	14.819492	14.148985	13.431750	12.662710	12.016991	11.416466	10.891359	10.325945	9.787406	9.224154	8.778568	8.333879	8.011700	7.797639	7.367278	6.916139	6.440971	5.972002	5.914154	5.653992	5.419523	5.290562	4.941410	4.787424	4.541439	4.214577	4.053909	3.802459	3.553908	3.373216	3.236104	3.044556	2.907366	2.658627	2.555907	2.374067	2.267376	2.064952	1.976037	1.808818	1.712908	1.633629	1.575905	1.503609	1.363644	1.302624	1.230892	1.243484	1.206905	1.133966	1.037581	0.988955	0.940868	0.898181	0.899117	0.815878	0.784870	0.775983	0.717353	0.677170	0.612532	0.578145	0.536222	0.559709	0.512236	
60	0.000000	5.326429	10.446906	15.397523	19.808761	23.747569	27.985134	32.124969	35.525012	38.375119	42.036547	45.427971	48.074543	46.048026	43.837705	42.240455	40.215415	38.310899	36.413813	34.647319	32.861889	31.115087	29.398647	28.164418	26.682861	25.297801	24.176033	23.108962	22.066014	21.088950	19.868375	18.917532	18.174325	17.333662	16.623106	15.770135	15.099173	14.333788	13.456150	12.768133	12.131647	11.603746	10.970550	10.408493	9.798214	9.362054	8.877152	8.542966	8.305809	7.826055	7.332822	6.830645	6.345052	6.244148	5.936618	5.709231	5.585725	5.220885	5.067484	4.782138	4.435412	4.277067	4.015987	3.768506	3.566577	3.434838	3.259601	3.121731	2.856347	2.758689	2.554970	2.434451	2.235171	2.146936	1.983135	1.893690	1.824147	1.756780	1.683412	1.518788	1.447291	1.362036	1.396048	1.358620	1.271043	1.169569	1.112459	1.049662	0.990549	0.983094	0.897629	0.867385	0.851385	0.785458	0.724374	0.648137	0.616587	0.572940	0.576375	0.522566	
65	0.000000	5.046198	9.886266	14.622903	18.809399	22.608316	26.643930	30.549926	33.846608	36.627234	40.156131	43.384539	46.048026	49.188902	46.840960	45.184366	43.098324	41.038968	39.007928	37.180989	35.196060	33.323557	31.457732	30.119610	28.519620	27.155870	25.883212	24.704700	23.659197	22.654478	21.355507	20.310339	19.394057	18.454049	17.719687	16.791249	16.101583	15.229541	14.359561	13.620300	12.884044	12.346218	11.711730	11.155862	10.507881	10.091025	9.560110	9.244034	8.957267	8.453129	7.906521	7.388619	6.859688	6.725224	6.374591	6.135565	5.983525	5.602717	5.435570	5.131295	4.773688	4.598590	4.317000	4.015455	3.806665	3.650293	3.445880	3.308678	3.049634	2.943847	2.750790	2.635282	2.431194	2.309352	2.140246	2.049924	1.975478	1.891511	1.811447	1.642215	1.572749	1.476040	1.508662	1.483870	1.377118	1.270195	1.221865	1.148447	1.069456	1.057675	0.957652	0.939844	0.933878	0.878972	0.814632	0.740539	0.700535	0.653047	0.657296	0.600842	
70	0.000000	4.789412	9.412689	13.994729	17.963876	21.582422	25.403638	29.047782	32.194882	34.742479	38.165771	41.245647	43.837705	46.840960	49.545476	47.749285	45.549339	43.300797	41.093598	39.159749	37.060513	35.162962	33.205993	31.704350	30.044709	28.459252	27.120405	25.834683	24.866253	23.786916	22.397693	21.280297	20.364445	19.367956	18.555879	17.653806	16.964257	16.072726	15.131512	14.384935	13.611505	12.961443	12.243426	11.645632	10.964096	10.539554	9.985147	9.624193	9.324021	8.788996	8.214370	7.695078	7.115251	6.979348	6.597385	6.328325	6.221445	5.814935	5.633364	5.288488	4.891679	4.734112	4.475848	4.153072	3.880067	3.739509	3.463222	3.332364	3.061715	2.958729	2.774853	2.687654	2.458175	2.324389	2.150403	2.054166	1.967506	1.883090	1.809083	1.637957	1.568749	1.466366	1.492745	1.478313	1.366097	1.240593	1.207709	1.136187	1.044109	1.036959	0.930184	0.913082	0.918573	0.872892	0.798905	0.722499	0.683120	0.653692	0.662292	0.614205	
75	0.000000	4.606976	9.121530	13.537439	17.314410	20.791551	24.516431	28.103637	31.110482	33.528502	36.809828	39.751717	42.240455	45.184366	47.749285	50.934443	48.506506	46.042517	43.702934	41.686687	39.462905	37.450742	35.384020	33.752717	31.895487	30.254983	28.792377	27.510800	26.458989	25.298195	23.858959	22.618679	21.659766	20.558006	19.688363	18.700439	17.863580	16.995092	16.035246	15.197585	14.347422	13.606945	12.854453	12.256170	11.607231	11.186980	10.557933	10.207702	9.836477	9.286199	8.670149	8.099486	7.534827	7.387555	6.940555	6.661659	6.554748	6.133463	5.969195	5.631754	5.185525	5.003908	4.665952	4.352234	4.073310	3.949495	3.672208	3.553371	3.273726	3.161415	2.975644	2.907464	2.668238	2.523961	2.333370	2.230231	2.157959	2.058268	1.970044	1.781496	1.679136	1.562105	1.603488	1.581449	1.486801	1.360436	1.338702	1.244671	1.144767	1.128396	1.018994	1.008242	1.022337	0.972715	0.907265	0.794215	0.768845	0.724004	0.727798	0.660245	
80	0.000000	4.369455	8.682951	12.903883	16.462946	19.785664	23.300387	26.733442	29.623312	31.923399	35.054084	37.871490	40.215415	43.098324	45.549339	48.506506	50.534526	47.937251	45.322799	43.354047	40.973515	38.955473	36.734204	35.010059	33.024347	31.360056	29.853018	28.550960	27.449576	26.200987	24.702221	23.440819	22.430468	21.310068	20.385418	19.439128	18.504633	17.549399	16.567879	15.677686	14.852703	14.086916	13.281518	12.628788	11.954490	11.494892	10.818783	10.465641	10.118255	9.580882	8.956018	8.414439	7.824188	7.638275	7.202288	6.895424	6.808122	6.358985	6.165079	5.836894	5.354563	5.143179	4.804198	4.511717	4.232877	4.107185	3.838856	3.701255	3.410138	3.272300	3.089316	3.005161	2.735289	2.575210	2.383276	2.280551	2.200008	2.115481	2.015735	1.823369	1.714793	1.598032	1.634443	1.612926	1.521699	1.410960	1.388952	1.288852	1.181366	1.159478	1.032408	1.022392	1.035508	0.984433	0.927157	0.810027	0.778171	0.720418	0.719280	0.655036	
85	0.000000	4.160523	8.281572	12.323225	15.703073	18.899427	22.308588	25.545516	28.282002	30.450794	33.444229	36.067109	38.310899	41.038968	43.300797	46.042517	47.937251	49.602500	46.938209	44.957048	42.519420	40.462693	38.117586	36.387182	34.405815	32.671891	31.043367	29.736365	28.600566	27.362701	25.880341	24.492067	23.472197	22.326079	21.346762	20.291964	19.393282	18.405657	17.319418	16.343638	15.484811	14.662993	13.848449	13.235365	12.521219	12.043626	11.352207	11.006491	10.640609	10.065389	9.383700	8.848608	8.228189	8.011099	7.560656	7.219702	7.146437	6.691854	6.455079	6.156912	5.622141	5.365987	4.991878	4.702353	4.391072	4.241403	4.009087	3.850476	3.507263	3.348481	3.161070	3.055546	2.776403	2.603442	2.416461	2.305499	2.238300	2.164592	2.089117	1.894401	1.778565	1.655699	1.707057	1.691335	1.594380	1.485395	1.465355	1.365454	1.255238	1.219179	1.087035	1.073749	1.071884	1.003148	0.947418	0.825206	0.781679	0.714395	0.720826	0.662617	
90	0.000000	3.960068	7.897191	11.742801	14.950118	17.963331	21.216860	24.397703	26.953819	29.063849	31.873565	34.299639	36.413813	39.007928	41.093598	43.702934	45.322799	46.938209	48.316492	46.179587	43.704590	41.641182	39.192281	37.368316	35.275087	33.487753	31.811041	30.415891	29.221632	27.881016	26.338338	24.793940	23.722185	22.609317	21.656671	20.520874	19.660541	18.589148	17.475549	16.456467	15.611695	14.773863	13.947373	13.375097	12.571791	12.028612	11.345087	10.963721	10.587654	10.051300	9.316044	8.785774	8.146142	7.928710	7.504235	7.169682	7.087741	6.631231	6.405077	6.118804	5.601686	5.315165	4.941092	4.656327	4.369753	4.195089	3.968124	3.834176	3.511818	3.355674	3.178444	3.041484	2.762184	2.581901	2.404462	2.250656	2.197179	2.117407	2.033104	1.847052	1.716647	1.623839	1.697983	1.679654	1.604060	1.491004	1.471507	1.363777	1.250326	1.199055	1.065606	1.053193	1.055067	0.994321	0.955479	0.840601	0.776035	0.697065	0.696918	0.622309	
95	0.000000	3.759940	7.480735	11.170691	14.254010	17.091539	20.119354	23.078036	25.589986	27.543077	30.267575	32.609388	34.647319	37.180989	39.159749	41.686687	43.354047	44.957048	46.179587	47.871372	45.221523	43.047445	40.488562	38.622477	36.508289	34.665185	32.888374	31.436403	30.217812	28.812448	27.302890	25.678287	24.582528	23.397288	22.343741	21.113189	20.169764	19.029799	17.877609	16.905234	15.985917	15.119939	14.266021	13.624559	12.790336	12.266356	11.559021	11.140926	10.758952	10.233835	9.532852	9.021399	8.379110	8.129227	7.726387	7.377343	7.247072	6.812250	6.612191	6.254576	5.759378	5.443632	5.102967	4.807761	4.538088	4.364293	4.129258	3.971774	3.644500	3.486098	3.298223	3.187459	2.922127	2.721130	2.537104	2.390657	2.314834	2.232503	2.172192	1.978741	1.830939	1.734051	1.804920	1.784955	1.725753	1.601237	1.577906	1.446922	1.317544	1.272318	1.110677	1.089785	1.072239	1.021724	0.984073	0.860609	0.800794	0.716216	0.712403	0.634731	
100	0.000000	3.577843	7.061512	10.544241	13.464606	16.135365	19.035442	21.864331	24.243581	26.111830	28.723189	30.947272	32.861889	35.196060	37.060513	39.462905	40.973515	42.519420	43.704590	45.221523	46.294121	44.100139	41.502254	39.650399	37.477458	35.632212	33.811424	32.279737	30.964662	29.546391	27.907574	26.314801	25.182268	24.006541	22.915843	21.711488	20.728398	19.534455	18.321575	17.350566	16.419199	15.627307	14.681917	14.000339	13.141922	12.602279	11.910213	11.442968	11.063454	10.548066	9.847686	9.290410	8.585114	8.310946	7.930693	7.583931	7.416531	6.912427	6.724237	6.392798	5.849723	5.547158	5.188492	4.878494	4.591677	4.423526	4.155752	3.981819	3.677305	3.526033	3.350448	3.229197	2.954201	2.739087	2.563517	2.398841	2.353797	2.259610	2.193912	1.984856	1.851974	1.767714	1.822353	1.787763	1.709692	1.570686	1.539559	1.402361	1.278353	1.230358	1.084400	1.061014	1.059685	1.017233	0.976484	0.867197	0.811846	0.729709	0.715795	0.644795	
105	0.000000	3.433232	6.692547	10.004172	12.767766	15.339374	18.075778	20.778711	23.041653	24.852558	27.256911	29.307923	31.115087	33.323557	35.162962	37.450742	38.955473	40.462693	41.641182	43.047445	44.100139	45.400380	42.812930	40.940451	38.832174	36.938686	35.157721	33.577775	32.167935	30.708211	28.919578	27.239806	26.042656	25.042618	23.913284	22.669726	21.681139	20.371888	19.073335	18.054429	17.170380	16.318494	15.343091	14.627309	13.747431	13.178412	12.443556	11.976919	11.591341	11.035153	10.306741	9.704483	8.995175	8.697763	8.317559	7.973337	7.788912	7.291350	7.092663	6.743600	6.202087	5.898523	5.535430	5.227741	4.878166	4.671537	4.371767	4.178308	3.862026	3.723122	3.527269	3.389920	3.118597	2.906431	2.725266	2.566634	2.505120	2.427606	2.324405	2.116724	1.981596	1.892572	1.960646	1.924878	1.848984	1.711635	1.682039	1.528993	1.412850	1.339978	1.171373	1.144438	1.142222	1.094306	1.029654	0.921277	0.863333	0.787618	0.782991	0.707564	
110	0.000000	3.240003	6.319757	9.496098	12.098372	14.633163	17.222793	19.738304	21.927412	23.664548	25.829889	27.752614	29.398647	31.457732	33.205993	35.384020	36.734204	38.117586	39.192281	40.488562	41.502254	42.812930	43.545675	41.634140	39.542218	37.568097	35.744575	34.223292	32.706760	31.286351	29.534927	27.798074	26.539594	25.469586	24.281042	23.071141	22.074740	20.713219	19.343544	18.333508	17.483636	16.626802	15.652893	14.890032	14.022943	13.460686	12.765153	12.286848	11.900999	11.341008	10.566481	9.941402	9.270053	8.977114	8.612612	8.255993	8.076777	7.584382	7.368002	7.042609	6.510543	6.205951	5.837454	5.536153	5.161718	4.958168	4.647341	4.436584	4.085549	3.935322	3.725862	3.602517	3.325003	3.129904	2.913319	2.751524	2.691532	2.613180	2.491013	2.244011	2.088722	1.979704	2.041844	1.996399	1.930552	1.810671	1.757775	1.603767	1.486057	1.417492	1.276997	1.236072	1.226599	1.175239	1.105812	0.976785	0.934764	0.852087	0.830874	0.752183	
115	0.000000	3.122872	6.073571	9.096833	11.606051	14.022589	16.509751	18.932953	20.941519	22.618161	24.756883	26.580181	28.164418	30.119610	31.704350	33.752717	35.010059	36.387182	37.368316	38.622477	39.650399	40.940451	41.634140	42.899507	40.807633	38.846026	36.853991	35.384860	33.813687	32.351219	30.551036	28.777578	27.498265	26.329812	25.046148	23.834144	22.848052	21.494195	20.131581	19.115786	18.243307	17.335831	16.355243	15.651156	14.760270	14.185664	13.433616	12.909245	12.463237	11.832120	11.028988	10.347297	9.613824	9.320909	8.984791	8.588404	8.429927	7.915682	7.644451	7.293393	6.734829	6.464564	6.040209	5.706004	5.362874	5.157202	4.806344	4.607395	4.259330	4.131912	3.882309	3.774150	3.461074	3.260991	3.030625	2.862690	2.785897	2.703580	2.593684	2.349943	2.210170	2.102425	2.162934	2.129962	2.062135	1.930711	1.879177	1.718530	1.611721	1.547134	1.388907	1.337617	1.328326	1.293956	1.208399	1.062950	1.016756	0.942347	0.919415	0.842855	
120	0.000000	2.948016	5.772304	8.612696	10.983646	13.346369	15.650849	17.921550	19.817730	21.437439	23.460996	25.152359	26.682861	28.519620	30.044709	31.895487	33.024347	34.405815	35.275087	36.508289	37.477458	38.832174	39.542218	40.807633	41.701076	39.632072	37.530040	36.030219	34.468492	33.009788	31.248836	29.410982	28.052462	26.907156	25.554742	24.293631	23.332293	21.956836	20.587629	19.493303	18.574942	17.743882	16.774926	16.041766	15.147367	14.559914	13.759208	13.234458	12.714048	12.075267	11.256095	10.575999	9.826147	9.497612	9.172207	8.784485	8.611963	8.141433	7.851237	7.443174	6.920745	6.619647	6.179243	5.852878	5.484454	5.264598	4.906634	4.725292	4.344222	4.228575	3.974984	3.874658	3.578559	3.351914	3.116899	2.932862	2.827240	2.781552	2.678573	2.437461	2.286632	2.180532	2.262031	2.235813	2.188427	2.041560	1.990497	1.815411	1.698477	1.608511	1.431762	1.377966	1.385240	1.367053	1.275204	1.119329	1.061731	0.986542	0.956292	0.863756	
125	0.000000	2.779099	5.412018	8.073230	10.306238	12.542390	14.741505	16.873497	18.676157	20.219498	22.129330	23.744798	25.297801	27.155870	28.459252	30.254983	31.360056	32.671891	33.487753	34.665185	35.632212	36.938686	37.568097	38.846026	39.632072	40.455674	38.303373	36.663195	35.057111	33.583338	31.773983	29.926641	28.529763	27.425976	26.083928	24.760145	23.788968	22.328021	21.049190	19.966699	19.047954	18.207329	17.139571	16.423028	15.397999	14.847755	14.003519	13.449500	12.850287	12.160720	11.379294	10.739350	9.966914	9.630706	9.255065	8.840482	8.628083	8.160057	7.880792	7.437495	6.916221	6.633262	6.179086	5.870116	5.477409	5.280619	4.901355	4.694042	4.331795	4.247852	4.008405	3.922796	3.604478	3.384965	3.106921	2.932934	2.819232	2.775971	2.659974	2.429880	2.307461	2.188820	2.285295	2.246304	2.192055	2.067884	2.008061	1.822001	1.689371	1.620201	1.436043	1.373491	1.374804	1.387647	1.294589	1.145398	1.099902	1.024911	1.001359	0.904094	
130	0.000000	2.619979	5.146446	7.686402	9.857045	11.960279	14.082376	16.137002	17.822240	19.337257	21.148653	22.667692	24.176033	25.883212	27.120405	28.792377	29.853018	31.043367	31.811041	32.888374	33.811424	35.157721	35.744575	36.853991	37.530040	38.303373	38.760586	37.134417	35.479872	34.040764	32.190183	30.348827	28.983012	27.853076	26.598798	25.236216	24.230343	22.721729	21.426235	20.238624	19.321420	18.430841	17.301337	16.523657	15.473730	14.888375	14.028320	13.470577	12.898974	12.211130	11.391881	10.761823	9.986628	9.651636	9.236382	8.837182	8.684271	8.174206	7.905418	7.458856	6.909799	6.645156	6.190164	5.892982	5.474166	5.270626	4.930249	4.750254	4.376729	4.305982	4.077244	4.004151	3.652031	3.430463	3.139429	2.975611	2.856249	2.832758	2.711187	2.479414	2.359424	2.218308	2.315039	2.268460	2.215159	2.079082	2.024708	1.859965	1.737120	1.662357	1.477442	1.424617	1.425034	1.420452	1.319728	1.166013	1.116652	1.039194	1.024747	0.932146	
135	0.000000	2.498202	4.917040	7.382818	9.456175	11.534424	13.579594	15.499063	17.105019	18.555659	20.323653	21.691788	23.108962	24.704700	25.834683	27.510800	28.550960	29.736365	30.415891	31.436403	32.279737	33.577775	34.223292	35.384860	36.030219	36.663195	37.134417	38.081197	36.305827	34.912813	32.980220	31.054812	29.738059	28.462304	27.276565	25.897842	24.875220	23.403670	22.056403	20.853201	19.952239	19.050728	17.949806	17.148128	16.067212	15.582919	14.661455	14.067903	13.512494	12.761621	11.929552	11.176474	10.331269	9.981461	9.594773	9.160960	9.010641	8.487330	8.190384	7.754965	7.206458	6.951191	6.506395	6.149963	5.753177	5.531570	5.166449	4.957627	4.558226	4.498729	4.252854	4.145556	3.804323	3.544952	3.268395	3.085345	2.938534	2.909576	2.767355	2.508564	2.385570	2.246732	2.330301	2.298047	2.235824	2.082762	2.024185	1.868261	1.764854	1.687930	1.493462	1.426685	1.421800	1.389914	1.283596	1.131462	1.069470	0.992590	0.988926	0.901634	
140	0.000000	2.389563	4.708039	7.089302	9.092644	11.078420	12.991878	14.825858	16.369647	17.762494	19.445864	20.740194	22.066014	23.659197	24.866253	26.458989	27.449576	28.600566	29.221632	30.217812	30.964662	32.167935	32.706760	33.813687	34.468492	35.057111	35.479872	36.305827	36.931474	35.437425	33.518003	31.515468	30.141571	28.745822	27.611477	26.185480	25.140228	23.666973	22.312878	21.080637	20.168950	19.298474	18.146543	17.332400	16.248577	15.762675	14.849670	14.271955	13.727411	12.927779	12.048802	11.343730	10.483649	10.102803	9.737607	9.281592	9.139525	8.586015	8.285084	7.847129	7.308403	7.079858	6.634911	6.246718	5.819099	5.605743	5.211275	5.012827	4.620182	4.568792	4.313110	4.186677	3.846437	3.578717	3.301954	3.086606	2.925525	2.871141	2.735257	2.470412	2.346317	2.216891	2.283540	2.273855	2.225483	2.057606	1.994865	1.832168	1.734448	1.657816	1.477106	1.401435	1.385298	1.340044	1.240946	1.098906	1.034771	0.975970	0.980782	0.904341	
145	0.000000	2.266784	4.471755	6.727374	8.594107	10.532193	12.329216	14.106000	15.618344	16.935719	18.620611	19.811233	21.088950	22.654478	23.786916	25.298195	26.200987	27.362701	27.881016	28.812448	29.546391	30.708211	31.286351	32.351219	33.009788	33.583338	34.040764	34.912813	35.437425	36.146114	34.222490	32.149408	30.680811	29.278631	28.097758	26.661939	25.580979	24.116709	22.697427	21.424732	20.498055	19.596217	18.415120	17.591039	16.529641	16.046901	15.134765	14.522244	13.907653	13.119751	12.263211	11.544442	10.671601	10.304582	9.871469	9.425932	9.283250	8.707767	8.417609	7.981474	7.395999	7.178806	6.724071	6.325902	5.910875	5.715444	5.366231	5.134354	4.728566	4.689516	4.421048	4.278075	3.951647	3.668317	3.391156	3.161725	3.008028	2.943907	2.825784	2.531977	2.419891	2.263472	2.341253	2.346253	2.286986	2.105268	2.012719	1.854608	1.767865	1.687788	1.509201	1.437252	1.424242	1.355631	1.244024	1.095239	1.038522	0.979551	0.977544	0.901643	
150	0.000000	2.130000	4.230079	6.422451	8.204544	10.027374	11.703298	13.322965	14.715892	15.934047	17.514366	18.586275	19.868375	21.355507	22.397693	23.858959	24.702221	25.880341	26.338338	27.302890	27.907574	28.919578	29.534927	30.551036	31.248836	31.773983	32.190183	32.980220	33.518003	34.222490	34.486000	32.334506	30.920615	29.484751	28.205242	26.710721	25.649923	24.238935	22.810752	21.412471	20.490031	19.572172	18.414554	17.539370	16.484189	16.008996	15.115304	14.584635	14.026695	13.259949	12.333774	11.615869	10.710505	10.337011	9.887199	9.446185	9.290847	8.748836	8.474182	8.014583	7.490447	7.261563	6.799456	6.427880	5.982255	5.771350	5.437248	5.187926	4.798991	4.717862	4.457422	4.314555	3.980435	3.700470	3.453498	3.229054	3.076073	2.993028	2.889064	2.602194	2.483393	2.316594	2.402159	2.396994	2.337072	2.164731	2.070596	1.914925	1.826764	1.728073	1.550087	1.475128	1.467700	1.393158	1.267225	1.119654	1.074919	1.015910	1.001823	0.916312	
155	0.000000	2.054715	4.025361	6.126742	7.821641	9.509750	11.142627	12.691578	14.069359	15.213567	16.700584	17.688749	18.917532	20.310339	21.280297	22.618679	23.440819	24.492067	24.793940	25.678287	26.314801	27.239806	27.798074	28.777578	29.410982	29.926641	30.348827	31.054812	31.515468	32.149408	32.334506	32.357131	30.886378	29.504601	28.268210	26.854765	25.797095	24.374198	22.900531	21.629334	20.740696	19.826062	18.648739	17.770110	16.705980	16.152753	15.239790	14.669900	14.088626	13.356948	12.469743	11.770951	10.870766	10.460256	9.995540	9.589051	9.434238	8.865660	8.605340	8.193220	7.621191	7.397821	6.904188	6.517196	6.057797	5.859981	5.560563	5.335734	4.880578	4.796023	4.535505	4.413852	4.064943	3.783962	3.549782	3.317192	3.190831	3.111219	2.973842	2.662462	2.525947	2.339628	2.394467	2.373336	2.313700	2.139093	2.019560	1.879915	1.790148	1.709706	1.544259	1.465228	1.467996	1.353110	1.220833	1.069654	1.038830	0.985680	0.964420	0.885543	
160	0.000000	1.938301	3.803476	5.859853	7.419649	9.093952	10.707281	12.211334	13.519641	14.618898	16.042861	17.003434	18.174325	19.394057	20.364445	21.659766	22.430468	23.472197	23.722185	24.582528	25.182268	26.042656	26.539594	27.498265	28.052462	28.529763	28.983012	29.738059	30.141571	30.680811	30.920615	30.886378	31.421894	30.016596	28.883307	27.529336	26.449809	24.946993	23.423871	22.116732	21.170119	20.196716	19.002934	18.117717	17.040291	16.433343	15.483872	14.844241	14.266144	13.538007	12.638683	11.920075	10.993123	10.613669	10.143196	9.741028	9.590747	8.979995	8.687299	8.322702	7.708975	7.470865	6.980867	6.560924	6.123631	5.979290	5.618558	5.373869	4.909383	4.792418	4.554542	4.469899	4.114329	3.836357	3.577975	3.354665	3.194519	3.110887	2.950712	2.642654	2.511731	2.317122	2.377173	2.345006	2.278682	2.095565	1.983256	1.837550	1.744117	1.683835	1.544546	1.481487	1.456217	1.348208	1.223771	1.098068	1.070929	1.022622	1.016398	0.944690	
165	0.000000	1.844044	3.631003	5.597679	7.091139	8.750273	10.255426	11.672318	12.915967	13.981325	15.329157	16.276929	17.333662	18.454049	19.367956	20.558006	21.310068	22.326079	22.609317	23.397288	24.006541	25.042618	25.469586	26.329812	26.907156	27.425976	27.853076	28.462304	28.745822	29.278631	29.484751	29.504601	30.016596	30.551778	29.347158	28.003757	26.840479	25.252427	23.696573	22.342714	21.342019	20.338789	19.138364	18.234434	17.176709	16.580763	15.602095	15.005614	14.371785	13.649429	12.689694	11.976120	11.040777	10.699484	10.219259	9.786394	9.643360	9.032037	8.737145	8.395577	7.737562	7.475193	6.983135	6.570940	6.131972	5.968512	5.599033	5.411368	4.929580	4.797847	4.560951	4.481352	4.136716	3.835872	3.591020	3.361762	3.200386	3.109380	2.924038	2.614080	2.494990	2.303348	2.374593	2.339566	2.279486	2.133150	2.005056	1.850004	1.742793	1.669136	1.538603	1.475268	1.449662	1.346192	1.215188	1.077099	1.049428	1.015002	0.989351	0.916977	
170	0.000000	1.786499	3.536047	5.401880	6.784685	8.387797	9.851718	11.177609	12.318372	13.420342	14.721974	15.615404	16.623106	17.719687	18.555879	19.688363	20.385418	21.346762	21.656671	22.343741	22.915843	23.913284	24.281042	25.046148	25.554742	26.083928	26.598798	27.276565	27.611477	28.097758	28.205242	28.268210	28.883307	29.347158	30.083497	28.684017	27.474568	25.839516	24.258135	22.810492	21.837352	20.782333	19.497166	18.581652	17.449670	16.919770	15.952525	15.314689	14.703776	13.895826	12.874692	12.094479	11.147526	10.854646	10.362380	9.889097	9.742953	9.095604	8.787665	8.454822	7.804579	7.567713	7.078805	6.674179	6.245475	6.093709	5.698015	5.500709	4.986854	4.911608	4.678444	4.567698	4.186401	3.885071	3.589821	3.323792	3.175844	3.105549	2.912333	2.644390	2.498591	2.296445	2.366066	2.335810	2.284214	2.137249	2.004152	1.843365	1.743151	1.679630	1.538755	1.499270	1.479249	1.356835	1.251172	1.116079	1.069167	1.031976	1.040094	0.973073	
175	0.000000	1.711135	3.375977	5.152038	6.429011	7.923180	9.310369	10.598345	11.661491	12.723806	13.957809	14.819492	15.770135	16.791249	17.653806	18.700439	19.439128	20.291964	20.520874	21.113189	21.711488	22.669726	23.071141	23.834144	24.293631	24.760145	25.236216	25.897842	26.185480	26.661939	26.710721	26.854765	27.529336	28.003757	28.684017	29.005870	27.737149	26.126354	24.478110	23.068393	22.084317	20.988313	19.690583	18.689844	17.606560	17.049389	16.038508	15.358385	14.773125	14.008253	13.040923	12.284164	11.344589	11.040006	10.515027	10.030482	9.893651	9.213939	8.884366	8.524452	7.847339	7.619067	7.127129	6.743540	6.310537	6.127153	5.678764	5.462060	4.914155	4.826539	4.580653	4.495885	4.140062	3.834565	3.550842	3.284188	3.147722	3.078601	2.879874	2.593098	2.446572	2.249857	2.333843	2.312139	2.245877	2.123185	1.976918	1.816726	1.727956	1.638875	1.533447	1.493801	1.474809	1.348576	1.255393	1.124318	1.086807	1.041286	1.060265	1.002324	
180	0.000000	1.618310	3.220275	4.909117	6.149757	7.585548	8.976623	10.207040	11.191463	12.170633	13.318473	14.148985	15.099173	16.101583	16.964257	17.863580	18.504633	19.393282	19.660541	20.169764	20.728398	21.681139	22.074740	22.848052	23.332293	23.788968	24.230343	24.875220	25.140228	25.580979	25.649923	25.797095	26.449809	26.840479	27.474568	27.737149	28.052625	26.385436	24.710868	23.350316	22.400646	21.265706	19.892063	18.933249	17.739363	17.135099	16.070881	15.411701	14.784976	14.073315	13.103604	12.328330	11.380335	11.075297	10.564159	10.112306	9.983047	9.343905	9.064897	8.711742	8.043728	7.778564	7.285188	6.882334	6.418390	6.207165	5.795643	5.593357	5.062387	4.917014	4.688450	4.575914	4.201522	3.909901	3.624102	3.341446	3.223899	3.181887	3.009059	2.719043	2.586934	2.372384	2.454792	2.435601	2.355928	2.203445	2.042771	1.874304	1.754649	1.663574	1.548325	1.500953	1.487638	1.359327	1.253348	1.127660	1.088716	1.042294	1.053514	1.001383	
185	0.000000	1.546753	3.065767	4.693051	5.846762	7.188804	8.492266	9.650314	10.571820	11.504583	12.646032	13.431750	14.333788	15.229541	16.072726	16.995092	17.549399	18.405657	18.589148	19.029799	19.534455	20.371888	20.713219	21.494195	21.956836	22.328021	22.721729	23.403670	23.666973	24.116709	24.238935	24.374198	24.946993	25.252427	25.839516	26.126354	26.385436	26.298709	24.655459	23.299651	22.325390	21.230410	19.877411	18.860618	17.739430	17.130613	16.049485	15.432220	14.727161	13.977788	13.063162	12.329631	11.359334	11.061989	10.553106	10.088513	9.961843	9.280582	9.013781	8.638089	8.018869	7.757897	7.232549	6.828670	6.362217	6.181485	5.732200	5.474663	4.955813	4.812567	4.588013	4.494377	4.132404	3.863386	3.593515	3.354075	3.206677	3.156502	2.993238	2.700923	2.583248	2.373140	2.466059	2.431708	2.349688	2.187422	2.016624	1.827471	1.714653	1.620375	1.526027	1.463286	1.448320	1.310371	1.214652	1.110145	1.079284	1.046602	1.070876	1.025907	
190	0.000000	1.451487	2.857443	4.360977	5.448386	6.757892	7.972112	9.063424	9.944270	10.839757	11.928164	12.662710	13.456150	14.359561	15.131512	16.035246	16.567879	17.319418	17.475549	17.877609	18.321575	19.073335	19.343544	20.131581	20.587629	21.049190	21.426235	22.056403	22.312878	22.697427	22.810752	22.900531	23.423871	23.696573	24.258135	24.478110	24.710868	24.655459	24.536564	23.148044	22.160701	21.086326	19.742205	18.732945	17.676658	17.064256	16.029578	15.448025	14.743049	13.995462	13.085373	12.326244	11.339642	11.045021	10.507571	10.025952	9.876069	9.231060	8.942083	8.551990	7.961568	7.684905	7.171715	6.743629	6.262801	6.085180	5.658482	5.445101	4.938699	4.743051	4.503165	4.380804	4.048417	3.762332	3.494613	3.237255	3.101086	3.012582	2.851335	2.576922	2.511881	2.320934	2.414435	2.362043	2.286250	2.128959	1.949825	1.760734	1.665621	1.576870	1.474079	1.407466	1.396921	1.293617	1.194907	1.103641	1.067412	1.028154	1.044144	0.999511	
195	0.000000	1.372499	2.691780	4.092637	5.135460	6.405311	7.555635	8.555205	9.402426	10.257697	11.308281	12.016991	12.768133	13.620300	14.384935	15.197585	15.677686	16.343638	16.456467	16.905234	17.350566	18.054429	18.333508	19.115786	19.493303	19.966699	20.238624	20.853201	21.080637	21.424732	21.412471	21.629334	22.116732	22.342714	22.810492	23.068393	23.350316	23.299651	23.148044	23.203893	22.219705	21.162551	19.847561	18.824244	17.714790	17.104577	16.073443	15.505993	14.752742	14.058160	13.163655	12.351269	11.406794	11.048282	10.519617	10.037680	9.866578	9.208648	8.914439	8.515848	7.934802	7.643860	7.129623	6.679467	6.205244	6.038016	5.559525	5.345338	4.842351	4.690243	4.439522	4.306424	3.990066	3.709465	3.440296	3.179384	3.028445	2.969841	2.816815	2.554877	2.475309	2.292528	2.381301	2.347407	2.277736	2.117642	1.937603	1.746915	1.666998	1.590355	1.491508	1.433663	1.409687	1.312572	1.226166	1.140364	1.098410	1.071037	1.112534	1.063599	
200	0.000000	1.306652	2.578273	3.926390	4.926182	6.158105	7.246675	8.162131	8.920217	9.740735	10.696179	11.416466	12.131647	12.884044	13.611505	14.347422	14.852703	15.484811	15.611695	15.985917	16.419199	17.170380	17.483636	18.243307	18.574942	19.047954	19.321420	19.952239	20.168950	20.498055	20.490031	20.740696	21.170119	21.342019	21.837352	22.084317	22.400646	22.325390	22.160701	22.219705	22.672486	21.508344	20.166926	19.171868	17.998643	17.404849	16.310034	15.771212	15.018174	14.279776	13.426871	12.585305	11.641713	11.270150	10.724013	10.256740	10.074913	9.365587	9.052496	8.617222	8.021353	7.747328	7.242899	6.796811	6.358835	6.215262	5.738453	5.486776	4.947531	4.804709	4.528794	4.414213	4.089308	3.791026	3.531895	3.266761	3.127400	3.034996	2.883355	2.631776	2.539805	2.348775	2.428897	2.398244	2.315188	2.151182	1.971317	1.783199	1.700192	1.614749	1.514435	1.453649	1.419011	1.315056	1.219890	1.142840	1.104426	1.068979	1.108388	1.043114	
